3 1
4 6
5 8
6 8
7 3
8 19
9 32
10 38
11 54
12 63
13 72
14 97
15 58
16 71
17 88
18 81
19 55
20 55
21 29
22 26
23 28
24 27
25 15
26 10
27 12
28 5
29 9
30 15
31 4
32 2
33 1
34 2
36 1
37 1
39 1
43 2
-
3 1
4 2
6 3
7 1
8 1
9 2
10 2
11 3
12 2
13 6
14 7
15 15
16 9
17 24
18 28
19 21
20 30
21 32
22 38
23 27
24 37
25 46
26 38
27 45
28 38
29 46
30 37
31 42
32 24
33 52
34 45
35 28
36 39
37 27
38 24
39 22
40 19
41 17
42 21
43 10
44 16
45 12
46 8
47 11
48 8
49 4
50 4
51 5
52 2
53 3
54 4
55 4
56 1
57 1
61 1
62 2
63 1
75 1
-
