0 34
3 197
4 99
5 74
6 80
7 47
8 32
9 31
10 30
11 16
12 14
13 19
14 15
15 12
16 12
17 8
18 17
19 12
20 8
21 10
22 20
23 10
24 9
25 6
26 10
27 6
28 7
29 1
30 6
31 5
32 6
33 5
34 2
35 5
36 1
37 4
38 4
39 4
40 3
41 4
42 5
43 4
44 1
45 1
46 1
47 2
48 3
49 1
50 1
51 1
52 2
53 2
54 3
55 1
56 2
57 6
58 4
59 2
61 1
62 1
63 5
65 2
66 2
67 2
70 2
72 1
73 1
74 2
76 1
78 2
79 2
80 1
81 1
84 1
87 1
89 1
90 1
91 1
93 1
95 2
97 1
99 2
100 2
101 2
102 1
107 2
109 1
111 1
112 1
120 1
121 1
123 1
125 1
132 1
134 1
140 1
142 1
147 1
148 1
151 1
153 2
163 1
165 1
188 1
190 1
194 1
207 1
211 1
226 1
257 1
323 1
331 1
353 1
634 1
-
3 185
4 59
5 28
6 22
7 18
8 16
9 16
10 8
11 8
12 12
13 14
14 13
15 12
16 8
17 17
18 16
19 17
20 11
21 11
22 9
23 6
24 8
25 13
26 13
27 3
28 13
29 8
30 7
31 5
32 15
33 11
34 8
35 10
36 11
37 3
38 13
39 8
40 13
41 4
42 2
43 6
44 5
45 13
46 8
47 9
48 7
49 7
50 6
51 4
52 6
53 5
54 3
55 3
56 6
57 3
58 3
59 3
60 2
61 5
62 4
63 4
64 3
65 2
66 2
67 4
68 1
69 7
70 1
71 2
72 2
73 3
74 2
75 5
76 3
77 4
78 4
79 2
80 3
82 2
83 4
84 6
85 1
86 2
87 3
88 2
89 2
90 5
91 3
92 4
93 1
94 4
95 1
96 1
97 1
98 2
99 1
100 1
101 1
102 2
103 1
104 2
106 4
107 1
108 1
110 2
111 3
112 1
114 2
115 2
118 1
119 1
120 3
121 1
123 1
124 1
125 2
126 1
127 1
128 1
131 1
132 1
133 2
140 1
142 2
143 1
146 1
148 1
150 1
151 1
152 1
154 1
155 2
157 1
159 1
160 1
162 1
167 1
168 1
170 1
171 1
176 1
178 1
179 1
180 1
182 1
189 2
196 1
197 2
200 1
205 1
209 2
213 1
215 1
217 1
221 1
223 1
232 1
235 1
237 2
239 1
245 1
250 1
254 1
266 1
271 1
272 1
277 1
282 1
287 1
317 1
319 1
342 1
354 1
358 1
375 1
380 1
420 1
439 1
440 1
471 1
473 1
474 1
490 1
496 1
512 1
521 1
555 1
571 1
572 1
597 1
623 1
701 1
796 1
831 1
857 1
-
