2 840
3 23
4 124
5 2
6 9
7 1
10 1
-
2 98
3 44
4 91
5 33
6 37
7 33
8 63
9 30
10 33
11 28
12 35
13 32
14 29
15 26
16 25
17 27
18 15
19 17
20 20
21 18
22 11
23 18
24 15
25 15
26 14
27 9
28 8
29 6
30 10
31 8
32 11
33 10
34 7
35 8
36 1
37 8
38 6
39 2
40 3
41 2
42 5
43 5
44 4
45 2
46 6
47 3
48 3
49 5
50 2
51 1
52 1
53 2
54 2
55 1
56 3
58 2
59 1
60 1
61 2
62 1
63 2
64 1
65 2
66 2
67 1
70 1
71 1
74 2
75 1
77 1
78 2
80 2
81 1
82 1
85 1
88 1
92 1
95 1
96 2
98 1
110 1
114 1
129 1
133 1
143 1
151 1
154 1
171 1
172 1
210 1
213 1
228 1
260 1
287 1
319 1
-
