3 32
4 38
5 52
6 69
7 64
8 60
9 49
10 46
11 53
12 44
13 41
14 41
15 45
16 33
17 37
18 31
19 34
20 25
21 25
22 27
23 24
24 13
25 14
26 14
27 9
28 13
29 5
30 7
31 12
32 12
33 6
34 4
35 6
36 1
37 2
38 5
39 3
40 3
41 1
-
3 22
4 32
5 18
6 24
7 23
8 23
9 30
10 26
11 24
12 16
13 21
14 19
15 26
16 15
17 24
18 20
19 26
20 25
21 18
22 18
23 21
24 24
25 20
26 21
27 16
28 18
29 19
30 18
31 18
32 14
33 11
34 20
35 16
36 11
37 12
38 8
39 17
40 15
41 19
42 10
43 11
44 8
45 10
46 13
47 10
48 7
49 5
50 11
51 8
52 6
53 11
54 9
55 4
56 9
57 6
58 5
59 6
60 3
61 9
62 2
63 2
64 5
65 2
66 2
67 4
68 5
69 3
70 1
71 4
72 2
73 5
74 2
75 3
76 2
77 6
78 1
79 1
80 1
81 3
82 1
83 2
84 1
85 2
87 1
89 2
90 1
92 1
93 2
100 2
-
